789,17.286,1.9143,4,0,4
789,11.407,1.8556,2,0,10
789,9.7304,1.8705,4,0,2
789,5.4013,2.7156,2,0,7
789,33.876,1.4269,3,0,8
789,5.0794,1.6641,2,2,2
789,50.585,1.2629,1,0,4
789,8.4345,1.7723,2,0,2
789,14.398,1.4435,2,2,9
789,1.0494,3.8336,4,0,11
789,14.404,2.1195,3,0,11
789,21.503,3.7697,4,2,10
789,8.0803,2.2041,4,2,7
789,6.3784,1.7893,4,0,6
789,8.9045,2.5526,2,2,6
789,3.7354,1.8495,1,0,3
789,5.2421,1.6208,4,0,5
789,49.475,3.3338,4,2,8
789,11.733,3.6412,2,2,5
789,2.9024,2.3471,2,2,3
789,5.3401,2.2655,3,0,10
789,11.719,2.4234,3,0,2
789,19.597,3.6056,3,0,12
789,15.417,1.7796,2,0,2
789,1.7845,2.0804,3,2,3
789,3.4313,1.6319,3,0,1
789,4.7409,2.3725,2,0,11
789,1.1046,2.188,1,0,3
789,4.0378,2.8006,3,0,11
789,1.283,1.9602,3,0,9
789,88.419,1.805,2,2,3
789,4.7805,2.3325,1,0,10
789,10.897,2.1216,1,2,4
789,0.99648,2.4009,1,2,8
789,7.6409,2.8541,4,2,2
789,18.095,2.0054,3,2,9
789,56.784,2.2984,3,0,4
789,1.671,2.9538,4,2,1
789,7.6851,1.4383,1,0,11
789,11.186,2.5264,3,2,2
789,23.792,1.8907,1,0,12
789,3.8476,3.2104,2,0,11
789,21.74,1.623,2,0,10
789,7.1009,3.1969,3,2,10
789,7.8485,2.0433,1,2,7
789,5.7795,2.8873,4,0,12
789,7.9384,2.3198,1,2,12
789,5.4037,2.7476,2,2,7
789,0.85812,2.6681,4,2,3
789,6.1694,1.8723,2,2,1
789,4.9402,1.5045,3,0,3
789,6.4809,2.0364,1,0,2
789,1.7656,1.5888,3,0,3
789,2.3084,1.9606,1,0,6
789,10.687,1.9768,4,0,7
789,86.707,1.8932,4,2,6
789,4.5785,2.3093,4,2,11
789,3.3625,2.2654,4,2,11
789,2.0383,1.6256,4,0,2
789,33.39,2.8137,4,0,10
789,4.5243,1.822,2,2,11
789,0.91832,1.8423,1,2,1
789,9.7164,2.0665,3,2,11
789,3.6419,1.7988,4,2,3
789,0.69585,2.0709,4,0,3
789,1.5835,2.7553,4,2,12
789,15.435,2.2913,3,2,10
789,8.3122,2.2716,3,0,6
789,21.905,1.6637,3,2,12
789,6.1427,2.6517,3,0,2
789,16.845,1.7562,3,2,8
789,2.9024,3.4558,2,0,3
789,7.5464,1.4008,1,2,9
789,2.389,2.4483,2,2,12
789,1.5454,2.0768,2,0,3
789,9.5967,1.7727,1,2,6
789,44.536,1.9371,3,2,4
789,3.1225,1.8891,1,0,1
789,2.7575,3.367,4,0,11
789,14.227,2.3412,2,0,12
789,3.3443,1.4974,4,2,4
789,2.593,3.3057,1,2,3
789,6.8328,1.6778,1,2,2
789,3.2074,3.2479,4,0,3
789,26.115,1.8023,2,2,10
789,1.6863,2.8948,3,2,11
789,4.3642,2.0907,3,0,7
789,5.7012,1.9952,1,0,2
789,4.365,1.8312,3,2,7
789,11.214,1.1912,1,0,9
789,7.5979,2.3316,4,2,9
789,58.568,2.2678,2,2,4
789,16.567,2.7671,4,0,9
789,6.9112,1.8001,2,2,8
789,5.0454,2.0043,2,2,10
789,59.018,2.6205,2,0,4
789,5.8588,1.5607,3,2,6
789,11.609,3.4728,4,2,5
789,8.6226,1.6774,3,2,1
789,19.29,2.4167,1,2,5
789,121.3,3.4494,1,0,8
789,23.999,2.3649,2,0,9
789,20.655,1.5536,3,0,5
789,20.666,2.4895,4,2,10
789,6.2063,3.0339,2,2,2
789,15.447,2.2215,1,0,5
789,15.168,2.9594,1,2,2
789,5.2914,2.6098,2,0,6
789,4.1099,2.0509,4,0,1
789,14.806,2.5659,1,0,7
789,9.8009,2.1194,3,2,5
789,16.899,2.0181,4,0,10
789,21.724,1.9555,1,0,10
789,13.641,1.7828,4,2,2
789,18.601,1.5758,1,2,10
789,4.2312,1.6191,3,2,3
789,17.857,2.2684,3,0,10
789,0.25826,1.9356,1,2,11
789,5.2169,2.5337,2,0,1
789,14.931,1.9799,2,0,8
789,3.6235,2.3647,4,0,8
789,3.4488,3.2564,1,2,11
789,10.067,3.2251,1,2,10
789,0.35421,1.976,1,0,11
789,3.5263,2.1624,1,2,3
789,25.084,1.8922,2,0,5
789,1.8112,2.1267,3,2,2
